shape_id,shape_pt_sequence,shape_pt_lat,shape_pt_lon
KOOTLK_D0,0,49.6234909,-116.9599667
KOOTLK_D0,1,49.623273,-116.9603212
KOOTLK_D0,2,49.6230631,-116.9606304
KOOTLK_D0,3,49.62297,-116.96066
KOOTLK_D0,4,49.62278,-116.96062
KOOTLK_D0,5,49.62257,-116.96052
KOOTLK_D0,6,49.6225,-116.96046
KOOTLK_D0,7,49.62242,-116.96035
KOOTLK_D0,8,49.62234,-116.96
KOOTLK_D0,9,49.62232,-116.9596
KOOTLK_D0,10,49.62233,-116.95902
KOOTLK_D0,11,49.62236,-116.95863
KOOTLK_D0,12,49.6225,-116.95751
KOOTLK_D0,13,49.62263,-116.95674
KOOTLK_D0,14,49.62291,-116.95447
KOOTLK_D0,15,49.62297,-116.95379
KOOTLK_D0,16,49.62296,-116.95272
KOOTLK_D0,17,49.62291,-116.95205
KOOTLK_D0,18,49.62281,-116.95111
KOOTLK_D0,19,49.6227,-116.94971
KOOTLK_D0,20,49.6227,-116.94932
KOOTLK_D0,21,49.62274,-116.94861
KOOTLK_D0,22,49.62287,-116.94753
KOOTLK_D0,23,49.62298,-116.94699
KOOTLK_D0,24,49.62317,-116.94636
KOOTLK_D0,25,49.62328,-116.94606
KOOTLK_D0,26,49.62336,-116.94588
KOOTLK_D0,27,49.62353,-116.94561
KOOTLK_D0,28,49.62388,-116.94516
KOOTLK_D0,29,49.62411,-116.9449
KOOTLK_D0,30,49.62508,-116.94399
KOOTLK_D0,31,49.6253,-116.94382
KOOTLK_D0,32,49.62567,-116.94347
KOOTLK_D0,33,49.62645,-116.94264
KOOTLK_D0,34,49.6278,-116.94127
KOOTLK_D0,35,49.62819,-116.94081
KOOTLK_D0,36,49.62866,-116.94021
KOOTLK_D0,37,49.6288,-116.93999
KOOTLK_D0,38,49.62929,-116.93936
KOOTLK_D0,39,49.63006,-116.93828
KOOTLK_D0,40,49.6302,-116.93814
KOOTLK_D0,41,49.6303,-116.93806
KOOTLK_D0,42,49.63054,-116.93772
KOOTLK_D0,43,49.63067,-116.93739
KOOTLK_D0,44,49.63096,-116.93693
KOOTLK_D0,45,49.63134,-116.93638
KOOTLK_D0,46,49.63194,-116.93558
KOOTLK_D0,47,49.63273,-116.93436
KOOTLK_D0,48,49.63334,-116.93347
KOOTLK_D0,49,49.63447,-116.93186
KOOTLK_D0,50,49.63508,-116.93109
KOOTLK_D0,51,49.63581,-116.93012
KOOTLK_D0,52,49.63616,-116.92963
KOOTLK_D0,53,49.63649,-116.92921
KOOTLK_D0,54,49.63791,-116.92717
KOOTLK_D0,55,49.63852,-116.92635
KOOTLK_D0,56,49.63958,-116.92478
KOOTLK_D0,57,49.64036,-116.92377
KOOTLK_D0,58,49.64266,-116.92047
KOOTLK_D0,59,49.64476,-116.91737
KOOTLK_D0,60,49.64559,-116.9162
KOOTLK_D0,61,49.64633,-116.9151
KOOTLK_D0,62,49.64869,-116.91173
KOOTLK_D0,63,49.65155,-116.90772
KOOTLK_D0,64,49.65264,-116.90614
KOOTLK_D0,65,49.65388,-116.90442
KOOTLK_D0,66,49.65606,-116.90126
KOOTLK_D0,67,49.65683,-116.90005
KOOTLK_D0,68,49.65728,-116.89942
KOOTLK_D0,69,49.65812,-116.89813
KOOTLK_D0,70,49.65821,-116.89795
KOOTLK_D0,71,49.65881,-116.89699
KOOTLK_D0,72,49.65922,-116.89644
KOOTLK_D0,73,49.66065,-116.89433
KOOTLK_D0,74,49.66155,-116.89293
KOOTLK_D0,75,49.66261,-116.89137
KOOTLK_D0,76,49.66324,-116.89041
KOOTLK_D0,77,49.6638,-116.88959
KOOTLK_D0,78,49.66468,-116.88818
KOOTLK_D0,79,49.66707,-116.88473
KOOTLK_D0,80,49.66878,-116.88216
KOOTLK_D0,81,49.66898,-116.88178
KOOTLK_D0,82,49.66923,-116.88139
KOOTLK_D0,83,49.66983,-116.88054
KOOTLK_D0,84,49.67027,-116.87998
KOOTLK_D0,85,49.67197,-116.87757
KOOTLK_D0,86,49.67334,-116.87569
KOOTLK_D0,87,49.67374,-116.87508
KOOTLK_D0,88,49.67408,-116.87462
KOOTLK_D0,89,49.67432,-116.87423
KOOTLK_D0,90,49.67445,-116.87396
KOOTLK_D0,91,49.67459,-116.87371
KOOTLK_D0,92,49.67466,-116.87357
KOOTLK_D0,93,49.6748,-116.87334
KOOTLK_D1,0,49.6748,-116.87334
KOOTLK_D1,1,49.67466,-116.87357
KOOTLK_D1,2,49.67459,-116.87371
KOOTLK_D1,3,49.67445,-116.87396
KOOTLK_D1,4,49.67432,-116.87423
KOOTLK_D1,5,49.67408,-116.87462
KOOTLK_D1,6,49.67374,-116.87508
KOOTLK_D1,7,49.67334,-116.87569
KOOTLK_D1,8,49.67197,-116.87757
KOOTLK_D1,9,49.67027,-116.87998
KOOTLK_D1,10,49.66983,-116.88054
KOOTLK_D1,11,49.66923,-116.88139
KOOTLK_D1,12,49.66898,-116.88178
KOOTLK_D1,13,49.66878,-116.88216
KOOTLK_D1,14,49.66707,-116.88473
KOOTLK_D1,15,49.66468,-116.88818
KOOTLK_D1,16,49.6638,-116.88959
KOOTLK_D1,17,49.66324,-116.89041
KOOTLK_D1,18,49.66261,-116.89137
KOOTLK_D1,19,49.66155,-116.89293
KOOTLK_D1,20,49.66065,-116.89433
KOOTLK_D1,21,49.65922,-116.89644
KOOTLK_D1,22,49.65881,-116.89699
KOOTLK_D1,23,49.65821,-116.89795
KOOTLK_D1,24,49.65812,-116.89813
KOOTLK_D1,25,49.65728,-116.89942
KOOTLK_D1,26,49.65683,-116.90005
KOOTLK_D1,27,49.65606,-116.90126
KOOTLK_D1,28,49.65388,-116.90442
KOOTLK_D1,29,49.65264,-116.90614
KOOTLK_D1,30,49.65155,-116.90772
KOOTLK_D1,31,49.64869,-116.91173
KOOTLK_D1,32,49.64633,-116.9151
KOOTLK_D1,33,49.64559,-116.9162
KOOTLK_D1,34,49.64476,-116.91737
KOOTLK_D1,35,49.64266,-116.92047
KOOTLK_D1,36,49.64036,-116.92377
KOOTLK_D1,37,49.63958,-116.92478
KOOTLK_D1,38,49.63852,-116.92635
KOOTLK_D1,39,49.63791,-116.92717
KOOTLK_D1,40,49.63649,-116.92921
KOOTLK_D1,41,49.63616,-116.92963
KOOTLK_D1,42,49.63581,-116.93012
KOOTLK_D1,43,49.63508,-116.93109
KOOTLK_D1,44,49.63447,-116.93186
KOOTLK_D1,45,49.63334,-116.93347
KOOTLK_D1,46,49.63273,-116.93436
KOOTLK_D1,47,49.63194,-116.93558
KOOTLK_D1,48,49.63134,-116.93638
KOOTLK_D1,49,49.63096,-116.93693
KOOTLK_D1,50,49.63067,-116.93739
KOOTLK_D1,51,49.63054,-116.93772
KOOTLK_D1,52,49.6303,-116.93806
KOOTLK_D1,53,49.6302,-116.93814
KOOTLK_D1,54,49.63006,-116.93828
KOOTLK_D1,55,49.62929,-116.93936
KOOTLK_D1,56,49.6288,-116.93999
KOOTLK_D1,57,49.62866,-116.94021
KOOTLK_D1,58,49.62819,-116.94081
KOOTLK_D1,59,49.6278,-116.94127
KOOTLK_D1,60,49.62645,-116.94264
KOOTLK_D1,61,49.62567,-116.94347
KOOTLK_D1,62,49.6253,-116.94382
KOOTLK_D1,63,49.62508,-116.94399
KOOTLK_D1,64,49.62411,-116.9449
KOOTLK_D1,65,49.62388,-116.94516
KOOTLK_D1,66,49.62353,-116.94561
KOOTLK_D1,67,49.62336,-116.94588
KOOTLK_D1,68,49.62328,-116.94606
KOOTLK_D1,69,49.62317,-116.94636
KOOTLK_D1,70,49.62298,-116.94699
KOOTLK_D1,71,49.62287,-116.94753
KOOTLK_D1,72,49.62274,-116.94861
KOOTLK_D1,73,49.6227,-116.94932
KOOTLK_D1,74,49.6227,-116.94971
KOOTLK_D1,75,49.62281,-116.95111
KOOTLK_D1,76,49.62291,-116.95205
KOOTLK_D1,77,49.62296,-116.95272
KOOTLK_D1,78,49.62297,-116.95379
KOOTLK_D1,79,49.62291,-116.95447
KOOTLK_D1,80,49.62263,-116.95674
KOOTLK_D1,81,49.6225,-116.95751
KOOTLK_D1,82,49.62236,-116.95863
KOOTLK_D1,83,49.62233,-116.95902
KOOTLK_D1,84,49.62232,-116.9596
KOOTLK_D1,85,49.62234,-116.96
KOOTLK_D1,86,49.62242,-116.96035
KOOTLK_D1,87,49.6225,-116.96046
KOOTLK_D1,88,49.62257,-116.96052
KOOTLK_D1,89,49.62278,-116.96062
KOOTLK_D1,90,49.62297,-116.96066
KOOTLK_D1,91,49.6230631,-116.9606304
KOOTLK_D1,92,49.623273,-116.9603212
KOOTLK_D1,93,49.6234909,-116.9599667
ARROWLK_D0,0,50.6347707,-117.9288941
ARROWLK_D0,1,50.6341905,-117.9287384
ARROWLK_D0,2,50.6314433,-117.9284907
ARROWLK_D0,3,50.6293881,-117.9273749
ARROWLK_D0,4,50.6285578,-117.9262591
ARROWLK_D0,5,50.6277955,-117.9244995
ARROWLK_D0,6,50.6273463,-117.9207444
ARROWLK_D0,7,50.6273599,-117.9158092
ARROWLK_D0,8,50.6275369,-117.9075909
ARROWLK_D0,9,50.6278636,-117.9025698
ARROWLK_D0,10,50.6283705,-117.8963087
ARROWLK_D0,11,50.6290206,-117.888279
ARROWLK_D0,12,50.6295786,-117.877636
ARROWLK_D0,13,50.6297964,-117.8734517
ARROWLK_D0,14,50.6297488,-117.8722715
ARROWLK_D0,15,50.6296467,-117.8714776
ARROWLK_D0,16,50.62932,-117.8703725
ARROWLK_D0,17,50.6289253,-117.8696537
ARROWLK_D0,18,50.6280065,-117.8686184
ARROWLK_D0,19,50.6272817,-117.8677359
ARROWLK_D0,20,50.6269471,-117.8672691
ARROWLK_D1,0,50.6269471,-117.8672691
ARROWLK_D1,1,50.6272817,-117.8677359
ARROWLK_D1,2,50.6280065,-117.8686184
ARROWLK_D1,3,50.6289253,-117.8696537
ARROWLK_D1,4,50.62932,-117.8703725
ARROWLK_D1,5,50.6296467,-117.8714776
ARROWLK_D1,6,50.6297488,-117.8722715
ARROWLK_D1,7,50.6297964,-117.8734517
ARROWLK_D1,8,50.6295786,-117.877636
ARROWLK_D1,9,50.6290206,-117.888279
ARROWLK_D1,10,50.6283705,-117.8963087
ARROWLK_D1,11,50.6278636,-117.9025698
ARROWLK_D1,12,50.6275369,-117.9075909
ARROWLK_D1,13,50.6273599,-117.9158092
ARROWLK_D1,14,50.6273463,-117.9207444
ARROWLK_D1,15,50.6277955,-117.9244995
ARROWLK_D1,16,50.6285578,-117.9262591
ARROWLK_D1,17,50.6293881,-117.9273749
ARROWLK_D1,18,50.6314433,-117.9284907
ARROWLK_D1,19,50.6341905,-117.9287384
ARROWLK_D1,20,50.6347707,-117.9288941
